removed_sources:
  ExtUtils-CBuilder-0.280202.tar.gz: 94281774d27fc937c05d2f3bb111db988b5f2a2a
  ExtUtils-CBuilder-0.280205.tar.gz: 66a63ee92058881ac96f08c72a1655564364600f
sources:
  ExtUtils-CBuilder-0.280212.tar.gz: 9d96ad35fc73dd450488e1d993146dc7bbe06483
